{
 "cells": [
  {
   "cell_type": "code",
   "execution_count": 2,
   "metadata": {},
   "outputs": [],
   "source": [
    "from util import *\n",
    "import matplotlib.pyplot as plt"
   ]
  },
  {
   "cell_type": "code",
   "execution_count": 3,
   "metadata": {},
   "outputs": [],
   "source": [
    "m = 3\n",
    "s = 5"
   ]
  },
  {
   "cell_type": "markdown",
   "metadata": {},
   "source": [
    "# 1. Random Data Generator"
   ]
  },
  {
   "cell_type": "code",
   "execution_count": 4,
   "metadata": {},
   "outputs": [
    {
     "name": "stdout",
     "output_type": "stream",
     "text": [
      "6.285270639628343\n",
      "6.146367426537438\n",
      "2.3273454272245377\n",
      "-0.07790665590076795\n",
      "5.817335169010237\n",
      "3.969524980863872\n",
      "2.591280662036458\n",
      "-0.29551945168087945\n",
      "7.062601155541677\n",
      "4.95611122634662\n"
     ]
    }
   ],
   "source": [
    "for i in range(10):\n",
    "    res = gaussian_data_generator(m, s)\n",
    "    print(res)"
   ]
  },
  {
   "cell_type": "markdown",
   "metadata": {},
   "source": [
    "# 2. Sequential Estimator"
   ]
  },
  {
   "cell_type": "code",
   "execution_count": 5,
   "metadata": {},
   "outputs": [
    {
     "name": "stdout",
     "output_type": "stream",
     "text": [
      "Data point source function: N(3,5)\n",
      "Add data point: 3.042186132695398\n",
      "Mean=3.042186132695398  Variance=0\n",
      "\n",
      "Add data point: 5.373499340998997\n",
      "Mean=4.207842736847198  Variance=2.7175106376054003\n",
      "\n",
      "Add data point: -0.43342378077719257\n",
      "Mean=2.6607538976390677  Variance=8.539206948009781\n",
      "\n",
      "Add data point: 3.5469089206714557\n",
      "Mean=2.8822926533971645  Variance=5.889122313217906\n",
      "\n",
      "Add data point: -1.579405943042973\n",
      "Mean=1.9899529341091369  Variance=8.398192608008607\n",
      "\n",
      "Add data point: 3.6763729522255417\n",
      "Mean=2.2710229371285378  Variance=7.1925561659908395\n",
      "\n",
      "Add data point: 7.718430892962018\n",
      "Mean=3.0492240736761778  Variance=10.232975867460638\n",
      "\n",
      "Add data point: 2.7471940235412786\n",
      "Mean=3.0114703174093154  Variance=8.78252494100718\n",
      "\n",
      "Add data point: 5.41950344787746\n",
      "Mean=3.279029554127998  Variance=8.329000829762638\n",
      "\n",
      "Add data point: -0.16494544969355163\n",
      "Mean=2.934632053745843  Variance=8.58965267581711\n",
      "\n",
      "Add data point: 5.845015420182547\n",
      "Mean=3.1992123597855437  Variance=8.500717530020072\n",
      "\n",
      "Add data point: 0.19531547759250678\n",
      "Mean=2.948887619602791  Variance=8.47987473386173\n",
      "\n",
      "Add data point: 1.2820039953113906\n",
      "Mean=2.8206658023496063  Variance=7.986949353496136\n",
      "\n",
      "Add data point: 5.852183922189628\n",
      "Mean=3.037202810909608  Variance=8.02900449906203\n",
      "\n",
      "Add data point: 3.7975846208859023\n",
      "Mean=3.087894931574694  Variance=7.494049544163311\n",
      "\n",
      "Add data point: 3.2203903961066094\n",
      "Mean=3.096175898107939  Variance=6.995543431726689\n",
      "\n",
      "Add data point: 3.0306294231272477\n",
      "Mean=3.0923202231090743  Variance=6.5585746931486195\n",
      "\n",
      "Add data point: 2.7348063897628996\n",
      "Mean=3.0724583434787314  Variance=6.179877078511038\n",
      "\n",
      "Add data point: 2.483738897683817\n",
      "Mean=3.0414731094895253  Variance=5.854792183931265\n",
      "\n",
      "Add data point: 1.539476266512459\n",
      "Mean=2.966373267340672  Variance=5.659444952697903\n",
      "\n",
      "Add data point: 4.162938146382474\n",
      "Mean=3.0233525472950435  Variance=5.444652110289502\n",
      "\n",
      "Add data point: 0.6365320278961755\n",
      "Mean=2.914860705504186  Variance=5.444333516354272\n",
      "\n",
      "Add data point: 2.0964184821057907\n",
      "Mean=2.8792762610086036  Variance=5.2259876229368025\n",
      "\n",
      "Add data point: 1.8259515501107968\n",
      "Mean=2.8353877313878617  Variance=5.044999642540135\n",
      "\n",
      "Add data point: 4.661106606688394\n",
      "Mean=2.908416486399883  Variance=4.968121300566106\n",
      "\n"
     ]
    }
   ],
   "source": [
    "m_estimate = 0\n",
    "s_estimate = 0\n",
    "sum = 0\n",
    "sumsq = 0\n",
    "n = 0\n",
    "print('Data point source function: N({},{})'.format(m,s))\n",
    "while abs(m_estimate - m) > 0.1 or abs(s_estimate - s) > 0.1:\n",
    "    point = gaussian_data_generator(m, s)\n",
    "    n += 1\n",
    "    sum += point\n",
    "    sumsq += point**2\n",
    "    m_estimate = sum / n\n",
    "    if n > 1:\n",
    "        s_estimate = (sumsq - sum**2 / n) / (n-1)\n",
    "    print('Add data point: {}'.format(point))\n",
    "    print('Mean={}  Variance={}'.format(m_estimate,s_estimate))\n",
    "    print()\n"
   ]
  },
  {
   "cell_type": "markdown",
   "metadata": {},
   "source": [
    "# 3. Baysian Linear regression"
   ]
  },
  {
   "cell_type": "code",
   "execution_count": 16,
   "metadata": {},
   "outputs": [],
   "source": [
    "b=1 #prior gaussian distribution's variance\n",
    "n=3 #basis\n",
    "a=3 #variance of N(0,a)\n",
    "w=np.asarray([1, 2, 3]) #line parameters"
   ]
  },
  {
   "cell_type": "code",
   "execution_count": 17,
   "metadata": {},
   "outputs": [],
   "source": [
    "NUM=1000\n",
    "point_x=[]\n",
    "point_y=[]\n",
    "\n",
    "# after 10 points, after 50 points, final result\n",
    "mean_list=[]\n",
    "variance_list=[]"
   ]
  },
  {
   "cell_type": "code",
   "execution_count": 18,
   "metadata": {},
   "outputs": [
    {
     "name": "stdout",
     "output_type": "stream",
     "text": [
      "Add data point (-0.298281316053733, 1.4449221006993138):\n",
      "\n",
      "Posterior mean:\n",
      "[[ 0.35268775]\n",
      " [-0.10520017]\n",
      " [ 0.03137924]]\n",
      "\n",
      "Posterior variance:\n",
      "[[ 0.75591228  0.07280681 -0.02171691]\n",
      " [ 0.07280681  0.97828309  0.00647775]\n",
      " [-0.02171691  0.00647775  0.99806781]]\n",
      "\n",
      "Predictive distribution ~ N(0.00000,4.09689)\n",
      "--------------------------------------------------\n",
      "Add data point (-0.5392676764569073, -0.27377706129567647):\n",
      "\n",
      "Posterior mean:\n",
      "[[ 0.23070728]\n",
      " [-0.02743287]\n",
      " [-0.0141337 ]]\n",
      "\n",
      "Posterior variance:\n",
      "[[ 0.63075805  0.1525975  -0.06841403]\n",
      " [ 0.1525975   0.92741342  0.03624898]\n",
      " [-0.06841403  0.03624898  0.98064434]]\n",
      "\n",
      "Predictive distribution ~ N(0.41854,4.03163)\n",
      "--------------------------------------------------\n",
      "Add data point (-0.45905126512124905, 1.1706367056813116):\n",
      "\n",
      "Posterior mean:\n",
      "[[ 0.3682957 ]\n",
      " [-0.09429998]\n",
      " [ 0.01649114]]\n",
      "\n",
      "Posterior variance:\n",
      "[[ 0.54996459  0.19186262 -0.08639728]\n",
      " [ 0.19186262  0.90833082  0.04498873]\n",
      " [-0.08639728  0.04498873  0.97664157]]\n",
      "\n",
      "Predictive distribution ~ N(0.24032,3.69379)\n",
      "--------------------------------------------------\n",
      "Add data point (0.19199657392212965, -0.5889135538868326):\n",
      "\n",
      "Posterior mean:\n",
      "[[ 0.21815221]\n",
      " [-0.18895184]\n",
      " [ 0.02723396]]\n",
      "\n",
      "Posterior variance:\n",
      "[[ 0.45671659  0.13307821 -0.07972535]\n",
      " [ 0.13307821  0.87127258  0.04919477]\n",
      " [-0.07972535  0.04919477  0.97616419]]\n",
      "\n",
      "Predictive distribution ~ N(0.35080,3.65272)\n",
      "--------------------------------------------------\n",
      "Add data point (0.6770763844683385, 0.6811097105974251):\n",
      "\n",
      "Posterior mean:\n",
      "[[ 0.28844264]\n",
      " [-0.08625183]\n",
      " [ 0.08248427]]\n",
      "\n",
      "Posterior variance:\n",
      "[[ 0.39470625  0.04247608 -0.12846728]\n",
      " [ 0.04247608  0.73889552 -0.02202113]\n",
      " [-0.12846728 -0.02202113  0.93785163]]\n",
      "\n",
      "Predictive distribution ~ N(0.10270,4.19894)\n",
      "--------------------------------------------------\n",
      "Add data point (0.8099509798353752, 7.744765566413866):\n",
      "\n",
      "Posterior mean:\n",
      "[[0.90783517]\n",
      " [1.03907313]\n",
      " [0.92481197]]\n",
      "\n",
      "Posterior variance:\n",
      "[[ 0.36612158 -0.00945714 -0.16734031]\n",
      " [-0.00945714  0.64454218 -0.09264644]\n",
      " [-0.16734031 -0.09264644  0.8849872 ]]\n",
      "\n",
      "Predictive distribution ~ N(0.27269,4.15990)\n",
      "--------------------------------------------------\n",
      "Add data point (-0.7505629838832208, -0.577252963369747):\n",
      "\n",
      "Posterior mean:\n",
      "[[0.82044709]\n",
      " [1.2099395 ]\n",
      " [0.79926686]]\n",
      "\n",
      "Posterior variance:\n",
      "[[ 0.34624135  0.02941385 -0.19590101]\n",
      " [ 0.02941385  0.56853931 -0.03680286]\n",
      " [-0.19590101 -0.03680286  0.84395579]]\n",
      "\n",
      "Predictive distribution ~ N(0.64893,3.91408)\n",
      "--------------------------------------------------\n",
      "Add data point (-0.7438773263052898, 1.246642525370562):\n",
      "\n",
      "Posterior mean:\n",
      "[[0.87219552]\n",
      " [1.11076601]\n",
      " [0.87078965]]\n",
      "\n",
      "Posterior variance:\n",
      "[[ 0.33359886  0.0536426  -0.21337451]\n",
      " [ 0.0536426   0.52210602 -0.00331571]\n",
      " [-0.21337451 -0.00331571  0.81980524]]\n",
      "\n",
      "Predictive distribution ~ N(0.36268,3.68900)\n",
      "--------------------------------------------------\n",
      "Add data point (-0.2787458742389084, -0.7357733646570027):\n",
      "\n",
      "Posterior mean:\n",
      "[[0.74776803]\n",
      " [1.1487244 ]\n",
      " [0.93206357]]\n",
      "\n",
      "Posterior variance:\n",
      "[[ 0.30608403  0.0620364  -0.19982492]\n",
      " [ 0.0620364   0.51954538 -0.00744921]\n",
      " [-0.19982492 -0.00744921  0.81313278]]\n",
      "\n",
      "Predictive distribution ~ N(0.63023,3.31620)\n",
      "--------------------------------------------------\n",
      "Add data point (0.8417498509394377, 6.1880295014852305):\n",
      "\n",
      "Posterior mean:\n",
      "[[0.95993   ]\n",
      " [1.63242144]\n",
      " [1.29432722]]\n",
      "\n",
      "Posterior variance:\n",
      "[[ 0.29402516  0.03454401 -0.22041527]\n",
      " [ 0.03454401  0.45686691 -0.05439208]\n",
      " [-0.22041527 -0.05439208  0.77797504]]\n",
      "\n",
      "Predictive distribution ~ N(2.37511,3.89481)\n",
      "--------------------------------------------------\n",
      "Add data point (0.22086341618790972, 1.5779554135183578):\n",
      "\n",
      "Posterior mean:\n",
      "[[0.97700637]\n",
      " [1.64021674]\n",
      " [1.28291108]]\n",
      "\n",
      "Posterior variance:\n",
      "[[ 0.26846464  0.02287573 -0.20332719]\n",
      " [ 0.02287573  0.45154039 -0.04659144]\n",
      " [-0.20332719 -0.04659144  0.76655108]]\n",
      "\n",
      "Predictive distribution ~ N(1.38361,3.31075)\n",
      "--------------------------------------------------\n",
      "Add data point (-0.2438282193439143, 3.938841559615703):\n",
      "\n",
      "Posterior mean:\n",
      "[[1.22945367]\n",
      " [1.54963264]\n",
      " [1.13555501]]\n",
      "\n",
      "Posterior variance:\n",
      "[[ 0.24919405  0.02979048 -0.19207875]\n",
      " [ 0.02979048  0.44905921 -0.05062765]\n",
      " [-0.19207875 -0.05062765  0.75998524]]\n",
      "\n",
      "Predictive distribution ~ N(0.65335,3.26404)\n",
      "--------------------------------------------------\n",
      "Add data point (-0.5924094847670185, 1.9735353804448623):\n",
      "\n",
      "Posterior mean:\n",
      "[[1.2913391 ]\n",
      " [1.45386356]\n",
      " [1.17500429]]\n",
      "\n",
      "Posterior variance:\n",
      "[[ 0.24115526  0.04223069 -0.19720313]\n",
      " [ 0.04223069  0.42980772 -0.04269756]\n",
      " [-0.19720313 -0.04269756  0.75671867]]\n",
      "\n",
      "Predictive distribution ~ N(0.70996,3.35133)\n",
      "--------------------------------------------------\n",
      "Add data point (-0.8517325055850804, 1.4624578371745895):\n",
      "\n",
      "Posterior mean:\n",
      "[[1.30083053]\n",
      " [1.39965379]\n",
      " [1.23430138]]\n",
      "\n",
      "Posterior variance:\n",
      "[[ 0.24009666  0.04827683 -0.20381667]\n",
      " [ 0.04827683  0.39527554 -0.00492471]\n",
      " [-0.20381667 -0.00492471  0.71540102]]\n",
      "\n",
      "Predictive distribution ~ N(0.90544,3.64591)\n",
      "--------------------------------------------------\n",
      "Add data point (-0.49187533653634796, 1.5895753298788606):\n",
      "\n",
      "Posterior mean:\n",
      "[[1.3358938 ]\n",
      " [1.36872531]\n",
      " [1.22835896]]\n",
      "\n",
      "Posterior variance:\n",
      "[[ 0.2314654   0.05589026 -0.20235387]\n",
      " [ 0.05589026  0.38855991 -0.00621501]\n",
      " [-0.20235387 -0.00621501  0.71515311]]\n",
      "\n",
      "Predictive distribution ~ N(0.91100,3.23266)\n",
      "--------------------------------------------------\n",
      "Add data point (-0.8827187918953907, -0.6932388829279534):\n",
      "\n",
      "Posterior mean:\n",
      "[[1.32368857]\n",
      " [1.51441594]\n",
      " [1.04851771]]\n",
      "\n",
      "Posterior variance:\n",
      "[[ 0.23129751  0.05789425 -0.2048276 ]\n",
      " [ 0.05789425  0.36463883  0.0233133 ]\n",
      " [-0.2048276   0.0233133   0.67870322]]\n",
      "\n",
      "Predictive distribution ~ N(1.08482,3.56296)\n",
      "--------------------------------------------------\n",
      "Add data point (0.1025715549520212, -1.0298189899085366):\n",
      "\n",
      "Posterior mean:\n",
      "[[1.14101632]\n",
      " [1.44017464]\n",
      " [1.20027449]]\n",
      "\n",
      "Posterior variance:\n",
      "[[ 0.21425589  0.05096823 -0.19067011]\n",
      " [ 0.05096823  0.36182397  0.02906716]\n",
      " [-0.19067011  0.02906716  0.66694174]]\n",
      "\n",
      "Predictive distribution ~ N(1.49006,3.24283)\n",
      "--------------------------------------------------\n",
      "Add data point (0.09246689657568163, -2.738110930468947):\n",
      "\n",
      "Posterior mean:\n",
      "[[0.869812  ]\n",
      " [1.33451542]\n",
      " [1.42773119]]\n",
      "\n",
      "Posterior variance:\n",
      "[[ 0.19960274  0.04525947 -0.17838064]\n",
      " [ 0.04525947  0.35959988  0.03385505]\n",
      " [-0.17838064  0.03385505  0.65663467]]\n",
      "\n",
      "Predictive distribution ~ N(1.28445,3.22361)\n",
      "--------------------------------------------------\n",
      "Add data point (-0.43148097968560073, 0.7736304863847849):\n",
      "\n",
      "Posterior mean:\n",
      "[[0.87969232]\n",
      " [1.32754583]\n",
      " [1.42297221]]\n",
      "\n",
      "Posterior variance:\n",
      "[[ 0.19281661  0.05004642 -0.17511201]\n",
      " [ 0.05004642  0.35622316  0.03154935]\n",
      " [-0.17511201  0.03154935  0.65506029]]\n",
      "\n",
      "Predictive distribution ~ N(0.55980,3.17839)\n",
      "--------------------------------------------------\n",
      "Add data point (-0.8178589889302874, 2.166942095133218):\n",
      "\n",
      "Posterior mean:\n",
      "[[0.89433342]\n",
      " [1.23478546]\n",
      " [1.52291941]]\n",
      "\n",
      "Posterior variance:\n",
      "[[ 0.19245856  0.05231484 -0.17755618]\n",
      " [ 0.05231484  0.3418513   0.0470347 ]\n",
      " [-0.17755618  0.0470347   0.63837518]]\n",
      "\n",
      "Predictive distribution ~ N(0.74576,3.37353)\n",
      "--------------------------------------------------\n",
      "Add data point (-0.10217171997637187, -1.5130305255733207):\n",
      "\n",
      "Posterior mean:\n",
      "[[0.76057649]\n",
      " [1.2218774 ]\n",
      " [1.64977248]]\n",
      "\n",
      "Posterior variance:\n",
      "[[ 0.18167114  0.05127381 -0.16732555]\n",
      " [ 0.05127381  0.34175084  0.048022  ]\n",
      " [-0.16732555  0.048022    0.6286726 ]]\n",
      "\n",
      "Predictive distribution ~ N(0.78407,3.18160)\n",
      "--------------------------------------------------\n",
      "Add data point (0.35923531787580054, 1.1213865154109772):\n",
      "\n",
      "Posterior mean:\n",
      "[[0.74451488]\n",
      " [1.20565896]\n",
      " [1.65597624]]\n",
      "\n",
      "Posterior variance:\n",
      "[[ 0.17182025  0.04132673 -0.16352067]\n",
      " [ 0.04132673  0.33170663  0.05186404]\n",
      " [-0.16352067  0.05186404  0.62720297]]\n",
      "\n",
      "Predictive distribution ~ N(1.41242,3.23435)\n",
      "--------------------------------------------------\n",
      "Add data point (-0.4524781759797307, 2.6028988399699227):\n",
      "\n",
      "Posterior mean:\n",
      "[[0.82289118]\n",
      " [1.14136533]\n",
      " [1.61760329]]\n",
      "\n",
      "Posterior variance:\n",
      "[[ 0.16727901  0.045052   -0.16129728]\n",
      " [ 0.045052    0.32865072  0.05004015]\n",
      " [-0.16129728  0.05004015  0.62611441]]\n",
      "\n",
      "Predictive distribution ~ N(0.53802,3.15206)\n",
      "--------------------------------------------------\n",
      "Add data point (0.20226881410454367, -0.2207719674713704):\n",
      "\n",
      "Posterior mean:\n",
      "[[0.75147699]\n",
      " [1.09359602]\n",
      " [1.6704133 ]]\n",
      "\n",
      "Posterior variance:\n",
      "[[ 0.15823482  0.0390023  -0.15460921]\n",
      " [ 0.0390023   0.32460404  0.05451384]\n",
      " [-0.15460921  0.05451384  0.62116865]]\n",
      "\n",
      "Predictive distribution ~ N(1.11993,3.18763)\n",
      "--------------------------------------------------\n",
      "Add data point (-0.9503468089187701, -0.2823334659711385):\n",
      "\n",
      "Posterior mean:\n",
      "[[0.75938328]\n",
      " [1.18788859]\n",
      " [1.51860388]]\n",
      "\n",
      "Posterior variance:\n",
      "[[ 0.15813769  0.03784384 -0.1527441 ]\n",
      " [ 0.03784384  0.31078793  0.07675755]\n",
      " [-0.1527441   0.07675755  0.58535666]]\n",
      "\n",
      "Predictive distribution ~ N(1.22083,3.51110)\n",
      "--------------------------------------------------\n",
      "Add data point (-0.7891700726827771, 0.2722923932996755):\n",
      "\n",
      "Posterior mean:\n",
      "[[0.75433592]\n",
      " [1.2121952 ]\n",
      " [1.49557367]]\n",
      "\n",
      "Posterior variance:\n",
      "[[ 0.1578      0.03947004 -0.15428491]\n",
      " [ 0.03947004  0.30295662  0.08417761]\n",
      " [-0.15428491  0.08417761  0.57832624]]\n",
      "\n",
      "Predictive distribution ~ N(0.76771,3.25330)\n",
      "--------------------------------------------------\n",
      "Add data point (-0.2526800851914739, 0.2553332007527344):\n",
      "\n",
      "Posterior mean:\n",
      "[[0.74166074]\n",
      " [1.21510793]\n",
      " [1.50830896]]\n",
      "\n",
      "Posterior variance:\n",
      "[[ 0.1517316   0.04086454 -0.14818773]\n",
      " [ 0.04086454  0.30263617  0.08277649]\n",
      " [-0.14818773  0.08277649  0.57220015]]\n",
      "\n",
      "Predictive distribution ~ N(0.54353,3.13714)\n",
      "--------------------------------------------------\n",
      "Add data point (0.8431237816261374, 4.520122017331623):\n",
      "\n",
      "Posterior mean:\n",
      "[[0.77928782]\n",
      " [1.38027064]\n",
      " [1.66113305]]\n",
      "\n",
      "Posterior variance:\n",
      "[[ 0.14992283  0.03292499 -0.15553415]\n",
      " [ 0.03292499  0.26778579  0.05052964]\n",
      " [-0.15553415  0.05052964  0.54236233]]\n",
      "\n",
      "Predictive distribution ~ N(2.83834,3.61346)\n",
      "--------------------------------------------------\n",
      "Add data point (-0.6810722097692474, 0.16199656960336617):\n",
      "\n",
      "Posterior mean:\n",
      "[[0.77146875]\n",
      " [1.39807184]\n",
      " [1.65242705]]\n",
      "\n",
      "Posterior variance:\n",
      "[[ 0.14895623  0.03512559 -0.1566104 ]\n",
      " [ 0.03512559  0.26277581  0.05297987]\n",
      " [-0.1566104   0.05297987  0.541164  ]]\n",
      "\n",
      "Predictive distribution ~ N(0.60976,3.16977)\n",
      "--------------------------------------------------\n",
      "Add data point (-0.9734475426602811, 2.03465247713637):\n",
      "\n",
      "Posterior mean:\n",
      "[[0.76106181]\n",
      " [1.3453363 ]\n",
      " [1.74666397]]\n",
      "\n",
      "Posterior variance:\n",
      "[[ 0.14862541  0.03344925 -0.15361482]\n",
      " [ 0.03344925  0.2542812   0.06815949]\n",
      " [-0.15361482  0.06815949  0.51403845]]\n",
      "\n",
      "Predictive distribution ~ N(0.97636,3.42096)\n",
      "--------------------------------------------------\n",
      "Add data point (0.7309647254907008, 1.4235601758478875):\n",
      "\n",
      "Posterior mean:\n",
      "[[0.72718898]\n",
      " [1.25014089]\n",
      " [1.6830623 ]]\n",
      "\n",
      "Posterior variance:\n",
      "[[ 0.1461677   0.02654215 -0.15822958]\n",
      " [ 0.02654215  0.23486964  0.05519029]\n",
      " [-0.15822958  0.05519029  0.50537351]]\n",
      "\n",
      "Predictive distribution ~ N(2.67771,3.36923)\n",
      "--------------------------------------------------\n",
      "Add data point (0.8848049845654211, 5.440212746255965):\n",
      "\n",
      "Posterior mean:\n",
      "[[0.75699916]\n",
      " [1.430889  ]\n",
      " [1.86946701]]\n",
      "\n",
      "Posterior variance:\n",
      "[[ 0.1455716   0.02292778 -0.16195705]\n",
      " [ 0.02292778  0.21295465  0.03258946]\n",
      " [-0.16195705  0.03258946  0.48206538]]\n",
      "\n",
      "Predictive distribution ~ N(3.15096,3.51547)\n",
      "--------------------------------------------------\n",
      "Add data point (-0.567365291558118, 3.036119264116822):\n",
      "\n",
      "Posterior mean:\n",
      "[[0.82112724]\n",
      " [1.36119876]\n",
      " [1.84931954]]\n",
      "\n",
      "Posterior variance:\n",
      "[[ 0.14349952  0.02517958 -0.16130606]\n",
      " [ 0.02517958  0.21050755  0.031882  ]\n",
      " [-0.16130606  0.031882    0.48186085]]\n",
      "\n",
      "Predictive distribution ~ N(0.54695,3.12188)\n",
      "--------------------------------------------------\n",
      "Add data point (-0.6485788276611619, 3.0201785787565694):\n",
      "\n",
      "Posterior mean:\n",
      "[[0.86476661]\n",
      " [1.28914157]\n",
      " [1.86455861]]\n",
      "\n",
      "Posterior variance:\n",
      "[[ 0.14237605  0.02703465 -0.16169838]\n",
      " [ 0.02703465  0.20744446  0.0325298 ]\n",
      " [-0.16169838  0.0325298   0.48172385]]\n",
      "\n",
      "Predictive distribution ~ N(0.71621,3.13155)\n",
      "--------------------------------------------------\n",
      "Add data point (-0.23594138311982604, 2.107106836687675):\n",
      "\n",
      "Posterior mean:\n",
      "[[0.92341877]\n",
      " [1.2798589 ]\n",
      " [1.79871982]]\n",
      "\n",
      "Posterior variance:\n",
      "[[ 0.13721312  0.02785177 -0.15590284]\n",
      " [ 0.02785177  0.20731513  0.03161256]\n",
      " [-0.15590284  0.03161256  0.47521818]]\n",
      "\n",
      "Predictive distribution ~ N(0.66440,3.12380)\n",
      "--------------------------------------------------\n",
      "Add data point (0.4616709777409018, 1.6829480786907565):\n",
      "\n",
      "Posterior mean:\n",
      "[[0.91550049]\n",
      " [1.27102854]\n",
      " [1.80143195]]\n",
      "\n",
      "Posterior variance:\n",
      "[[ 0.13290437  0.02304671 -0.15442703]\n",
      " [ 0.02304671  0.20195659  0.03325836]\n",
      " [-0.15442703  0.03325836  0.4747127 ]]\n",
      "\n",
      "Predictive distribution ~ N(1.89767,3.16847)\n",
      "--------------------------------------------------\n",
      "Add data point (0.1359207018392512, 1.8331549413201103):\n",
      "\n",
      "Posterior mean:\n",
      "[[0.94570766]\n",
      " [1.28262096]\n",
      " [1.76942109]]\n",
      "\n",
      "Posterior variance:\n",
      "[[ 0.12725088  0.0208771  -0.14843596]\n",
      " [ 0.0208771   0.20112398  0.03555752]\n",
      " [-0.14843596  0.03555752  0.4683639 ]]\n",
      "\n",
      "Predictive distribution ~ N(1.12154,3.13752)\n",
      "--------------------------------------------------\n",
      "Add data point (-0.8792808771906195, 1.385480739677946):\n",
      "\n",
      "Posterior mean:\n",
      "[[0.94534721]\n",
      " [1.27472771]\n",
      " [1.78062771]]\n",
      "\n",
      "Posterior variance:\n",
      "[[ 0.12724028  0.02064504 -0.14810649]\n",
      " [ 0.02064504  0.1960422   0.04277248]\n",
      " [-0.14810649  0.04277248  0.4581203 ]]\n",
      "\n",
      "Predictive distribution ~ N(1.18592,3.24813)\n",
      "--------------------------------------------------\n",
      "Add data point (0.6153962351211932, 3.451740093160792):\n",
      "\n",
      "Posterior mean:\n",
      "[[0.97279589]\n",
      " [1.32627855]\n",
      " [1.7975546 ]]\n",
      "\n",
      "Posterior variance:\n",
      "[[ 0.12504312  0.01651858 -0.14946142]\n",
      " [ 0.01651858  0.18829238  0.0402278 ]\n",
      " [-0.14946142  0.0402278   0.45728475]]\n",
      "\n",
      "Predictive distribution ~ N(2.40416,3.20036)\n",
      "--------------------------------------------------\n",
      "Add data point (0.8974727781735536, 6.3250787409144635):\n",
      "\n",
      "Posterior mean:\n",
      "[[0.98825606]\n",
      " [1.49919033]\n",
      " [1.99987199]]\n",
      "\n",
      "Posterior variance:\n",
      "[[ 0.12493214  0.01527734 -0.15091375]\n",
      " [ 0.01527734  0.17440992  0.02398447]\n",
      " [-0.15091375  0.02398447  0.43827906]]\n",
      "\n",
      "Predictive distribution ~ N(3.61095,3.42041)\n",
      "--------------------------------------------------\n",
      "Add data point (-0.3705979766234049, 3.788838702166388):\n",
      "\n",
      "Posterior mean:\n",
      "[[1.08615071]\n",
      " [1.45342909]\n",
      " [1.90091996]]\n",
      "\n",
      "Posterior variance:\n",
      "[[ 0.12180157  0.01674073 -0.14774937]\n",
      " [ 0.01674073  0.17372585  0.02250527]\n",
      " [-0.14774937  0.02250527  0.4350805 ]]\n",
      "\n",
      "Predictive distribution ~ N(0.70733,3.10193)\n",
      "--------------------------------------------------\n",
      "Add data point (0.14073304378888052, 0.7309248352000339):\n",
      "\n",
      "Posterior mean:\n",
      "[[1.06296991]\n",
      " [1.44546791]\n",
      " [1.92691803]]\n",
      "\n",
      "Posterior variance:\n",
      "[[ 0.11709762  0.01512522 -0.14247373]\n",
      " [ 0.01512522  0.17317102  0.02431713]\n",
      " [-0.14247373  0.02431713  0.42916368]]\n",
      "\n",
      "Predictive distribution ~ N(1.32835,3.12440)\n",
      "--------------------------------------------------\n",
      "Add data point (0.9144749484654091, 5.940783200442125):\n",
      "\n",
      "Posterior mean:\n",
      "[[1.0697319 ]\n",
      " [1.55669243]\n",
      " [2.0638721 ]]\n",
      "\n",
      "Posterior variance:\n",
      "[[ 0.11705664  0.01445122 -0.14330364]\n",
      " [ 0.01445122  0.16208485  0.01066639]\n",
      " [-0.14330364  0.01066639  0.41235513]]\n",
      "\n",
      "Predictive distribution ~ N(3.99623,3.38861)\n",
      "--------------------------------------------------\n",
      "Add data point (0.8577977854948875, 5.278115859950033):\n",
      "\n",
      "Posterior mean:\n",
      "[[1.07962451]\n",
      " [1.62317266]\n",
      " [2.13361921]]\n",
      "\n",
      "Posterior variance:\n",
      "[[ 0.11688129  0.01327284 -0.14453993]\n",
      " [ 0.01327284  0.15416588  0.00235828]\n",
      " [-0.14453993  0.00235828  0.40363875]]\n",
      "\n",
      "Predictive distribution ~ N(3.92369,3.28695)\n",
      "--------------------------------------------------\n",
      "Add data point (0.6803092650480993, 5.44389037107353):\n",
      "\n",
      "Posterior mean:\n",
      "[[1.12205924]\n",
      " [1.70891581]\n",
      " [2.1651689 ]]\n",
      "\n",
      "Posterior variance:\n",
      "[[ 0.11577931  0.01104619 -0.14535923]\n",
      " [ 0.01104619  0.14966673  0.0007028 ]\n",
      " [-0.14535923  0.0007028   0.40302961]]\n",
      "\n",
      "Predictive distribution ~ N(3.17137,3.16045)\n",
      "--------------------------------------------------\n",
      "Add data point (0.1691903346367052, 1.8517432870326642):\n",
      "\n",
      "Posterior mean:\n",
      "[[1.135848  ]\n",
      " [1.71333703]\n",
      " [2.14892386]]\n",
      "\n",
      "Posterior variance:\n",
      "[[ 0.11164577  0.00972081 -0.14048936]\n",
      " [ 0.00972081  0.14924177  0.00226427]\n",
      " [-0.14048936  0.00226427  0.39729223]]\n",
      "\n",
      "Predictive distribution ~ N(1.47317,3.11582)\n",
      "--------------------------------------------------\n",
      "Add data point (-0.46460149747714174, 1.9300190278717433):\n",
      "\n",
      "Posterior mean:\n",
      "[[1.16382365]\n",
      " [1.69179973]\n",
      " [2.12860474]]\n",
      "\n",
      "Posterior variance:\n",
      "[[ 0.10973812  0.01118943 -0.13910381]\n",
      " [ 0.01118943  0.14811114  0.00119759]\n",
      " [-0.13910381  0.00119759  0.39628588]]\n",
      "\n",
      "Predictive distribution ~ N(0.80368,3.09223)\n",
      "--------------------------------------------------\n",
      "Add data point (0.6330866662564845, 2.80762273603433):\n",
      "\n",
      "Posterior mean:\n",
      "[[1.15836331]\n",
      " [1.68237243]\n",
      " [2.12677312]]\n",
      "\n",
      "Posterior variance:\n",
      "[[ 0.10854889  0.00913621 -0.13950273]\n",
      " [ 0.00913621  0.14456625  0.00050885]\n",
      " [-0.13950273  0.00050885  0.39615207]]\n",
      "\n",
      "Predictive distribution ~ N(3.08802,3.13603)\n",
      "--------------------------------------------------\n",
      "Add data point (0.12724620184511348, 3.318786549272337):\n",
      "\n",
      "Posterior mean:\n",
      "[[1.22444663]\n",
      " [1.69930948]\n",
      " [2.04496366]]\n",
      "\n",
      "Posterior variance:\n",
      "[[ 0.1048349   0.00818432 -0.1349049 ]\n",
      " [ 0.00818432  0.14432228  0.00168727]\n",
      " [-0.1349049   0.00168727  0.39046007]]\n",
      "\n",
      "Predictive distribution ~ N(1.40687,3.10880)\n",
      "--------------------------------------------------\n",
      "Add data point (-0.9964570268374062, -1.7338917358907282):\n",
      "\n",
      "Posterior mean:\n",
      "[[1.26116077]\n",
      " [1.83125912]\n",
      " [1.79760407]]\n",
      "\n",
      "Posterior variance:\n",
      "[[ 0.10441968  0.00669203 -0.13210738]\n",
      " [ 0.00669203  0.13895904  0.01174148]\n",
      " [-0.13210738  0.01174148  0.37161193]]\n",
      "\n",
      "Predictive distribution ~ N(1.56166,3.34554)\n",
      "--------------------------------------------------\n",
      "Add data point (-0.8668889635726744, -0.49608496642196753):\n",
      "\n",
      "Posterior mean:\n",
      "[[1.26147497]\n",
      " [1.88123496]\n",
      " [1.73237411]]\n",
      "\n",
      "Posterior variance:\n",
      "[[ 0.10441954  0.00667035 -0.13207908]\n",
      " [ 0.00667035  0.13550998  0.0162433 ]\n",
      " [-0.13207908  0.0162433   0.36573603]]\n",
      "\n",
      "Predictive distribution ~ N(1.02456,3.19326)\n",
      "--------------------------------------------------\n",
      "Add data point (-0.1688121247611185, -0.495092625167461):\n",
      "\n",
      "Posterior mean:\n",
      "[[1.21366825]\n",
      " [1.88879649]\n",
      " [1.79212607]]\n",
      "\n",
      "Posterior variance:\n",
      "[[ 0.10122261  0.007176   -0.12808335]\n",
      " [ 0.007176    0.13543     0.0156113 ]\n",
      " [-0.12808335  0.0156113   0.3607419 ]]\n",
      "\n",
      "Predictive distribution ~ N(0.99327,3.09864)\n",
      "--------------------------------------------------\n",
      "Add data point (-0.26143867124544085, -0.2159466966515039):\n",
      "\n",
      "Posterior mean:\n",
      "[[1.18264461]\n",
      " [1.89809879]\n",
      " [1.82894266]]\n",
      "\n",
      "Posterior variance:\n",
      "[[ 0.09856695  0.00797229 -0.1249318 ]\n",
      " [ 0.00797229  0.13519124  0.01466632]\n",
      " [-0.1249318   0.01466632  0.35700188]]\n",
      "\n",
      "Predictive distribution ~ N(0.84236,3.09035)\n",
      "--------------------------------------------------\n",
      "Add data point (-0.024348350539194152, 1.230962283863376):\n",
      "\n",
      "Posterior mean:\n",
      "[[1.18560962]\n",
      " [1.89824023]\n",
      " [1.82516993]]\n",
      "\n",
      "Posterior variance:\n",
      "[[ 0.09544807  0.00782351 -0.12096327]\n",
      " [ 0.00782351  0.13518414  0.01485564]\n",
      " [-0.12096327  0.01485564  0.35195225]]\n",
      "\n",
      "Predictive distribution ~ N(1.13751,3.09811)\n",
      "--------------------------------------------------\n",
      "Add data point (-0.5650822167253289, 0.24464493851253577):\n",
      "\n",
      "Posterior mean:\n",
      "[[1.17794223]\n",
      " [1.90757883]\n",
      " [1.82765346]]\n",
      "\n",
      "Posterior variance:\n",
      "[[ 0.09455742  0.00890828 -0.12067478]\n",
      " [ 0.00890828  0.13386292  0.01450427]\n",
      " [-0.12067478  0.01450427  0.3518588 ]]\n",
      "\n",
      "Predictive distribution ~ N(0.69576,3.08305)\n",
      "--------------------------------------------------\n",
      "Add data point (-0.25441915125970227, 3.053341740764119):\n",
      "\n",
      "Posterior mean:\n",
      "[[1.23936748]\n",
      " [1.88997563]\n",
      " [1.7537878 ]]\n",
      "\n",
      "Posterior variance:\n",
      "[[ 0.09224332  0.00957146 -0.11789201]\n",
      " [ 0.00957146  0.13367287  0.01370679]\n",
      " [-0.11789201  0.01370679  0.34851243]]\n",
      "\n",
      "Predictive distribution ~ N(0.81092,3.08406)\n",
      "--------------------------------------------------\n",
      "Add data point (-0.6498993430898938, 1.0248541567115912):\n",
      "\n",
      "Posterior mean:\n",
      "[[1.24256732]\n",
      " [1.88365938]\n",
      " [1.75558967]]\n",
      "\n",
      "Posterior variance:\n",
      "[[ 0.09181873  0.01040956 -0.1181311 ]\n",
      " [ 0.01040956  0.13201852  0.01417873]\n",
      " [-0.1181311   0.01417873  0.3483778 ]]\n",
      "\n",
      "Predictive distribution ~ N(0.75182,3.09132)\n",
      "--------------------------------------------------\n",
      "Add data point (-0.2510818485049524, 0.6909764709682478):\n",
      "\n",
      "Posterior mean:\n",
      "[[1.23754358]\n",
      " [1.88500162]\n",
      " [1.76171766]]\n",
      "\n",
      "Posterior variance:\n",
      "[[ 0.08964916  0.01098922 -0.11548464]\n",
      " [ 0.01098922  0.13186365  0.01347165]\n",
      " [-0.11548464  0.01347165  0.34514964]]\n",
      "\n",
      "Predictive distribution ~ N(0.88029,3.08096)\n",
      "--------------------------------------------------\n",
      "Add data point (0.45889945890559924, 1.8198937906316366):\n",
      "\n",
      "Posterior mean:\n",
      "[[1.22268923]\n",
      " [1.86931012]\n",
      " [1.76944704]]\n",
      "\n",
      "Posterior variance:\n",
      "[[ 0.08804999  0.00929993 -0.11465253]\n",
      " [ 0.00929993  0.13007915  0.01435067]\n",
      " [-0.11465253  0.01435067  0.34471665]]\n",
      "\n",
      "Predictive distribution ~ N(2.47357,3.09677)\n",
      "--------------------------------------------------\n",
      "Add data point (0.16730968613477537, 0.11266712492908781):\n",
      "\n",
      "Posterior mean:\n",
      "[[1.18150732]\n",
      " [1.8543119 ]\n",
      " [1.81835349]]\n",
      "\n",
      "Posterior variance:\n",
      "[[ 0.08563339  0.00841982 -0.11178264]\n",
      " [ 0.00841982  0.12975862  0.01539586]\n",
      " [-0.11178264  0.01539586  0.34130847]]\n",
      "\n",
      "Predictive distribution ~ N(1.58497,3.08879)\n",
      "--------------------------------------------------\n",
      "Add data point (0.15955191958130044, 2.778686864975037):\n",
      "\n",
      "Posterior mean:\n",
      "[[1.21571914]\n",
      " [1.86631413]\n",
      " [1.77742935]]\n",
      "\n",
      "Posterior variance:\n",
      "[[ 0.08334     0.00761524 -0.10903929]\n",
      " [ 0.00761524  0.12947636  0.01635829]\n",
      " [-0.10903929  0.01635829  0.33802687]]\n",
      "\n",
      "Predictive distribution ~ N(1.52366,3.08628)\n",
      "--------------------------------------------------\n",
      "Add data point (0.24489583514762314, 0.5855042287071479):\n",
      "\n",
      "Posterior mean:\n",
      "[[1.18526106]\n",
      " [1.85070881]\n",
      " [1.81024732]]\n",
      "\n",
      "Posterior variance:\n",
      "[[ 0.08133308  0.00658699 -0.10687687]\n",
      " [ 0.00658699  0.12894953  0.01746621]\n",
      " [-0.10687687  0.01746621  0.33569691]]\n",
      "\n",
      "Predictive distribution ~ N(1.77937,3.08345)\n",
      "--------------------------------------------------\n",
      "Add data point (-0.6820612055349224, -0.6822213129895887):\n",
      "\n",
      "Posterior mean:\n",
      "[[1.17257643]\n",
      " [1.88496381]\n",
      " [1.79276469]]\n",
      "\n",
      "Posterior variance:\n",
      "[[ 0.08109539  0.00722887 -0.10720447]\n",
      " [ 0.00722887  0.12721612  0.01835089]\n",
      " [-0.10720447  0.01835089  0.3352454 ]]\n",
      "\n",
      "Predictive distribution ~ N(0.76510,3.09446)\n",
      "--------------------------------------------------\n",
      "Add data point (0.7539956846985105, 3.164941287651799):\n",
      "\n",
      "Posterior mean:\n",
      "[[1.16895389]\n",
      " [1.86889081]\n",
      " [1.77900676]]\n",
      "\n",
      "Posterior variance:\n",
      "[[ 0.08088844  0.00631064 -0.10799044]\n",
      " [ 0.00631064  0.12314197  0.01486355]\n",
      " [-0.10799044  0.01486355  0.33226036]]\n",
      "\n",
      "Predictive distribution ~ N(3.61303,3.16651)\n",
      "--------------------------------------------------\n",
      "Add data point (0.24530003568561431, 1.351807014025543):\n",
      "\n",
      "Posterior mean:\n",
      "[[1.15952008]\n",
      " [1.86424316]\n",
      " [1.78948573]]\n",
      "\n",
      "Posterior variance:\n",
      "[[ 0.07901617  0.00538825 -0.10591075]\n",
      " [ 0.00538825  0.12268754  0.01588813]\n",
      " [-0.10591075  0.01588813  0.32995026]]\n",
      "\n",
      "Predictive distribution ~ N(1.73444,3.08004)\n",
      "--------------------------------------------------\n",
      "Add data point (0.0525932748500737, 1.3449764634214612):\n",
      "\n",
      "Posterior mean:\n",
      "[[1.16163575]\n",
      " [1.86456142]\n",
      " [1.78669643]]\n",
      "\n",
      "Posterior variance:\n",
      "[[ 0.0769891   0.00508332 -0.10323826]\n",
      " [ 0.00508332  0.12264167  0.01629014]\n",
      " [-0.10323826  0.01629014  0.32642684]]\n",
      "\n",
      "Predictive distribution ~ N(1.26252,3.07934)\n",
      "--------------------------------------------------\n",
      "Add data point (0.8001273900293278, 3.9500475066568015):\n",
      "\n",
      "Posterior mean:\n",
      "[[1.1623537 ]\n",
      " [1.87001415]\n",
      " [1.79239551]]\n",
      "\n",
      "Posterior variance:\n",
      "[[ 0.07691874  0.00454893 -0.1037968 ]\n",
      " [ 0.00454893  0.11858302  0.01204812]\n",
      " [-0.1037968   0.01204812  0.32199316]]\n",
      "\n",
      "Predictive distribution ~ N(3.79737,3.18193)\n",
      "--------------------------------------------------\n",
      "Add data point (-0.27765966787628993, -0.5330206716273319):\n",
      "\n",
